image: mechanum_map2.pgm
resolution: 0.025000
origin: [-3.000000, -14.200000, 0.000000]
negate: 0
occupied_thresh: 0.65
free_thresh: 0.196

